[portal]
projection = 3413
viewport = -4510997.2022 -4510997.2022 4510997.2022 4510997.2022
extent = -4510997.202246716 -4510997.202246716 4510997.202246716 4510997.202246716
